
                                                                                                                                              

                        2                                       2

                                          2

                      S
                      B
                 A               22            222                            22
444444        444444      A    444444     3   444444     444                  444            444444      444
1111111111111111111111111111111111111111111111111111111111111111111111111111111111111111111111111111111111111111111111111111111111111111
888888888888888888888888888888888888888888888888888888888888888888888888888888888888888888888888888888888888888888888888
888888888888888888888888888888888888888888888888888888888888888888888888888888888888888888888888888888888888888888888888